1 0.7068181818181818 0.6575757575757576 0.09999999999999999 0.17575757575757575
1 0.5806818181818182 0.46060606060606063 0.1477272727272727 0.13333333333333333
1 0.36136363636363633 0.6 0.09999999999999999 0.08484848484848485
1 0.13068181818181818 0.8212121212121212 0.20227272727272727 0.26666666666666666
1 0.16477272727272727 0.5696969696969697 0.17045454545454544 0.18181818181818182
1 0.36818181818181817 0.4196969696969697 0.08181818181818182 0.07575757575757576
2 0.9090909090909091 0.5818181818181818 0.17727272727272728 0.2
2 0.5499999999999999 0.65 0.609090909090909 0.6515151515151515
1 0.6886363636363636 0.3878787878787879 0.07272727272727272 0.09696969696969697
2 0.6556818181818181 0.5106060606060606 0.3659090909090909 0.05757575757575758
2 0.11931818181818181 0.8136363636363636 0.23863636363636362 0.3
2 0.1568181818181818 0.5545454545454546 0.21818181818181817 0.22424242424242424
3 0.23863636363636362 0.18181818181818182 0.12272727272727273 0.23030303030303031
3 0.18068181818181817 0.07272727272727272 0.07045454545454545 0.14545454545454545
3 0.1409090909090909 0.15757575757575756 0.1409090909090909 0.2727272727272727
3 0.27499999999999997 0.12878787878787878 0.07272727272727272 0.16666666666666666
